,bikes
0,4.062975287118473
1,4.359724858394678
2,7.552366814445503
3,5.1307897627164945
4,6.576429184213172
5,12.448389202364849
6,7.619012358390115
7,6.319618860122406
8,7.532050227835458
9,8.450751071923785
10,10.243049620446108
11,10.260930324120997
12,9.118698371043623
13,10.207882385811143
14,9.160643389091925
15,9.864504743683936
16,9.767385195190709
17,10.016562107633852
18,10.656997257848108
19,10.410234270735776
20,10.652201401797758
21,10.522489058666471
22,10.44245615573821
23,10.542763925811466
24,10.561567022664757
25,10.657724014399818
26,10.574449699567975
27,10.602159529213619
28,10.603278092788862
29,10.59592612826276
30,2.898085029320975
31,3.9730919296310008
32,3.5476465888950504
33,6.127573545805019
34,4.801505457264669
35,9.329236439928966
36,8.962505004926783
37,5.567202005490774
38,6.76928274132259
39,7.4609147264184985
40,8.191855279099581
41,8.777747274275617
42,8.984916780216027
43,9.3559123652303
44,9.99404152392118
45,9.292228681577546
46,10.325816517082314
47,10.197021414117238
48,10.072201908039077
49,10.338055060251301
50,10.509720732695673
51,10.551943527363983
52,10.445220877528797
53,10.496673252163808
54,10.489806749453939
55,10.564514457190837
56,10.540914697386206
57,10.58598969775052
58,10.597195959357162
59,10.5900460928694
60,3.5266405400287795
61,11.387880127745591
62,7.129194675038175
63,13.610802960427765
64,3.382749024932764
65,5.5845889742995745
66,4.477311242984344
67,6.060783597742275
68,7.100199491684278
69,7.202850897204335
70,9.53138389392678
71,11.72113063352841
72,11.551852142282627
73,8.926818138738318
74,10.5175464245292
75,9.644390913616775
76,9.881513104512319
77,10.251807934557995
78,10.651089395648187
79,10.39270059449861
80,10.393133341361096
81,10.569202348477747
82,10.445464464663957
83,10.780086064696125
84,10.47200944985387
85,10.632177361301084
86,10.565707131443107
87,10.562318778463721
88,10.616479206010403
89,10.63772575245432
90,17.717821252270546
91,13.191950824655574
92,6.016865837313366
93,12.214079293519688
94,10.631349503482815
95,6.940232481492
96,8.802986444248628
97,12.79250629204748
98,14.528447160564042
99,7.9821719179567765
100,8.385722140791279
101,10.69056187977555
102,8.804787652383604
103,12.300472104683532
104,11.013533444592458
105,9.3908272188663
106,10.329054430494965
107,10.202473440068317
108,11.132105430041577
109,10.964824243664053
110,10.692919908712197
111,10.802101986971053
112,10.759525427609072
113,10.629347803032271
114,10.5819336181946
115,10.76879359485825
116,10.587816342127562
117,10.627630102319303
118,10.694354818172492
119,10.636212913454226
120,4.207538063723374
121,7.967630230847248
122,6.195793680076648
123,7.582407794717826
124,8.323144256214634
125,6.861165141911145
126,12.026194519076032
127,5.311307283335594
128,6.536376156017443
129,8.485271053382206
130,11.011104762808273
131,10.380610842894015
132,10.310831087712904
133,9.714886576845606
134,9.282565320173308
135,11.332788413845659
136,10.066847997784047
137,9.797700375497502
138,9.759093152783176
139,10.679840916329068
140,10.391098591515982
141,10.503850946419798
142,10.46522589865436
143,10.546425788670943
144,10.611164859219343
145,10.643156945766043
146,10.59412172411885
147,10.593552773897285
148,10.603814547971233
149,10.641999540660267
150,3.274028358405955
151,8.886445283666998
152,4.875508606880261
153,16.441353488179477
154,7.458915865058276
155,8.437105028882634
156,7.228685746752899
157,17.704734398187966
158,7.0468642153348595
159,13.695512418982329
160,8.52684360351908
161,9.752579110442628
162,8.501823078180442
163,10.562400741124488
164,9.50070101220413
165,12.179857530060378
166,9.909798645618448
167,10.092170101193876
168,11.07447484902346
169,10.606195750268864
170,10.791183224448641
171,10.66035286662424
172,10.519715830168353
173,10.807893928038505
174,10.730268755686165
175,10.679207909025731
176,10.617111433661874
177,10.614560629906197
178,10.575225904038211
179,10.638717976853012
180,3.719682750020231
181,4.186045165621421
182,6.314361749188317
183,5.395858845117088
184,4.521090530016223
185,4.328391084493055
186,4.717287142934405
187,8.975074880292764
188,5.560924055775317
189,7.256664170510112
190,8.709728653030941
191,9.563250479315606
192,8.796447671785286
193,8.962948669513565
194,9.486664645604758
195,9.19863604885645
196,10.839509969044402
197,10.74097626778411
198,10.295201842075427
199,10.956023435413119
200,10.706617282541458
201,10.464723077343134
202,10.636890537588158
203,10.770468421904688
204,10.656724035457078
205,10.617419723806664
206,10.6105411865135
207,10.589639022800318
208,10.655470994891347
209,10.602337156296016
210,3.5329306054833016
211,3.3658540014364213
212,6.219362964158956
213,6.078878649250393
214,7.114960581634585
215,12.189540920334252
216,7.9136096253814125
217,15.445130275387527
218,12.201941538989239
219,11.343249810789992
220,8.683367427123036
221,10.236767003606726
222,9.799498643323123
223,9.875563715201592
224,13.834941697093637
225,10.052268895662905
226,9.744476042194105
227,10.119009007245158
228,11.188858781331893
229,10.424931473208218
230,10.490859952927796
231,10.507419038719405
232,10.485546993311551
233,10.736225055587445
234,10.69136371791219
235,10.62377094000041
236,10.592822288197391
237,10.628121028578203
238,10.68462309208946
239,10.606802395695372
240,5.726738407177332
241,4.5888101118601385
242,8.666689535347635
243,6.701480038539717
244,4.4866750000214735
245,7.396811661663747
246,5.839673129524659
247,6.645352850669741
248,6.877060981236538
249,6.73027358139488
250,8.301187099864267
251,8.91779725821707
252,9.73530557042223
253,9.24751499832378
254,11.193443288149385
255,10.942253842351409
256,10.897523390225295
257,9.94912982002844
258,9.990756106582474
259,10.887840911687116
260,10.325138794841253
261,10.448288262271019
262,10.475526773512916
263,10.681341484817613
264,10.636471697320623
265,10.545695690311362
266,10.667192054470203
267,10.634404327135105
268,10.661325236242138
269,10.58938686095113
270,5.514382762640149
271,4.407528988756917
272,4.6658234680324595
273,13.04047040098897
274,5.557656648480646
275,8.94863167810412
276,6.178602729844751
277,8.658724916118818
278,8.702812922763895
279,8.37200234536904
280,9.13329638064694
281,8.83739856550492
282,9.239590413330264
283,9.78317859235629
284,10.611286479663498
285,10.033500211372669
286,9.809396639389806
287,9.945276179960738
288,10.350435716290715
289,10.53713067826034
290,10.461225116546485
291,10.450848054612528
292,10.483714437573889
293,10.504410377909641
294,10.611570646554666
295,10.604277982521094
296,10.570651875749732
297,10.598034337677984
298,10.61978971742108
299,10.602376450631084
300,6.020149528881297
301,4.7271597171324204
302,5.7376913261236115
303,6.792391929282889
304,6.439477853231502
305,6.372706774321145
306,5.187510963183248
307,5.615188785545739
308,6.964997517714285
309,8.621504797547356
310,8.350550942669303
311,9.305607396583133
312,8.652881482135829
313,9.259319301315148
314,9.598765474524997
315,9.413962141478857
316,9.98790137106575
317,10.164621472894137
318,10.456345156955665
319,10.356508946741933
320,10.43502078220428
321,10.469373660808744
322,10.64681731007537
323,10.576189777484448
324,10.575334317568974
325,10.603305367211673
326,10.58352160934605
327,10.5910730794925
328,10.597224957829878
329,10.618718712388699
330,3.913525575769129
331,15.345988551139392
332,7.06763781066952
333,3.73291650871631
334,7.081639574467378
335,5.65578951692296
336,11.266902667089251
337,14.79740917980884
338,9.127420939032968
339,8.282779354777258
340,12.581811071333291
341,10.260698920038125
342,8.83730702549998
343,11.255330873441675
344,8.941123861051908
345,9.723073296650517
346,9.7792606840955
347,11.618963656544942
348,10.502434901461818
349,10.723822819801798
350,10.605082510819532
351,10.755407793110102
352,10.73318790800686
353,10.515287549098366
354,10.50617682103383
355,10.612977148166387
356,10.63725530313778
357,10.676463691767468
358,10.618182699480885
359,10.651554574306052
360,4.071597996140511
361,5.944901241342604
362,4.500615050896224
363,5.030061253760673
364,6.099468971419651
365,5.14823291081814
366,5.026758187019228
367,8.312760256806722
368,7.415906388912491
369,8.196175388554254
370,9.267733336935008
371,8.996341595419
372,9.220333462038223
373,9.806126153329412
374,11.282691811547796
375,10.499064308374972
376,9.78455019246765
377,10.248890508256256
378,10.43881828322522
379,10.451015442639452
380,10.407497076957837
381,10.711758768825957
382,10.588759425191535
383,10.685685451561781
384,10.70084987716236
385,10.581280239089526
386,10.58792727109599
387,10.589351704916165
388,10.613586894815327
389,10.610389338814791
390,3.110086156499758
391,6.264381705310468
392,6.433361435174139
393,9.363699717970805
394,5.423011549747911
395,7.554199294547871
396,12.616332618538337
397,13.626140202875405
398,14.204838096969201
399,10.048077026297161
400,9.134277178920453
401,10.014005965317926
402,9.809159935995043
403,11.029273843284098
404,11.571277991826909
405,10.267069186234478
406,10.646749051504521
407,11.410931138920075
408,10.476882290394904
409,10.69951364661573
410,10.394875676382688
411,10.588190759556062
412,10.70102336449393
413,10.626476894869185
414,10.663869870932897
415,10.609556855159793
416,10.642607061630159
417,10.615580405166247
418,10.594267096936502
419,10.635343839273233
420,7.023314982350517
421,5.939855014001543
422,9.271916914594065
423,3.7264073265249373
424,6.446619806995465
425,7.40905866549819
426,8.096603703145734
427,12.523114670610902
428,13.983564285383174
429,11.823043828233242
430,12.420825197762312
431,8.968882157204568
432,10.76984143627159
433,10.253788326177965
434,10.096257649414056
435,10.132673125874753
436,11.199565736363397
437,10.328457325360514
438,10.716784435183829
439,10.550354722067574
440,10.452374222919453
441,10.478550105753884
442,10.514440929641346
443,10.628696613930732
444,10.620493440414663
445,10.60755474755004
446,10.64049978216137
447,10.660993632266521
448,10.630028543468942
449,10.61703302522057
450,4.900917479439536
451,5.778947064655205
452,6.852157436401877
453,4.10171526306868
454,9.13101964241175
455,9.770381142694948
456,6.343606386697662
457,5.281088798372792
458,8.795737520092807
459,8.55822798319107
460,9.747100677640441
461,9.64248722912615
462,12.0685107055911
463,10.085657154400629
464,10.503867887309198
465,11.055718083343983
466,10.11408902738166
467,10.0690401362599
468,10.80715893117545
469,10.69521139940796
470,10.776756607994017
471,10.472836320339932
472,10.512514708489377
473,10.652953806412405
474,10.492723410034007
475,10.608940507756445
476,10.604841564743777
477,10.608885804940929
478,10.577291679905384
479,10.603176422480573
480,6.618221318632456
481,4.979631691541142
482,8.531831676109926
483,5.451130239351635
484,4.147996603139803
485,11.467648954345915
486,8.803952935358623
487,6.9000063594224565
488,14.136319348455174
489,9.357971558499008
490,10.840093926436502
491,10.352749650484915
492,8.991113342492064
493,9.097974703496792
494,10.239997992054793
495,9.722326625259596
496,10.14302215524237
497,10.047054807554641
498,10.951982652083093
499,10.66251658557265
500,10.584954720376587
501,10.557190783848064
502,10.746968451479486
503,10.725566764333696
504,10.757983366415864
505,10.721048371882533
506,10.570427141513067
507,10.585535709165258
508,10.646017754921992
509,10.580250249762543
510,6.429888301026507
511,8.664355067937404
512,13.82686882995359
513,12.284543992030404
514,9.005618582678299
515,5.005213757919997
516,14.359969625135236
517,9.572791922264233
518,9.31793259539399
519,10.076681706307486
520,9.92542166330439
521,10.568379191025173
522,11.122516914333321
523,11.913862227685087
524,10.293234109557654
525,11.577769225525152
526,10.39126824517652
527,11.005023371481037
528,11.412563954331482
529,10.677811878778005
530,10.325456405978434
531,10.664939368939613
532,10.549620561213155
533,10.668879043571412
534,10.766147291361207
535,10.741837762055178
536,10.577613331932461
537,10.638818938478275
538,10.633606055125163
539,10.607400030853233
540,15.317222519530958
541,17.375037164581038
542,19.759926923298217
543,16.52774342285773
544,13.082705519200633
545,18.06523245862395
546,15.663039299738992
547,16.707961197543675
548,16.210928593203636
549,16.246802259332703
550,11.91957889477646
551,10.825669608968887
552,12.81953160322715
553,12.000287746999843
554,11.567487933857116
555,10.148131136678693
556,10.937188278820077
557,11.75876983676421
558,11.356634908509587
559,11.203436763477752
560,10.576992957426908
561,10.556584911463892
562,10.613989556648331
563,10.556773345416284
564,10.79163074444861
565,10.848142005598028
566,10.711966176151217
567,10.66189399932374
568,10.730835168169829
569,10.690863500837668
570,9.49772221933927
571,9.464679321344569
572,13.045964522921278
573,8.004660091247706
574,10.478314950601717
575,7.752667941991502
576,12.027318023229594
577,12.13394741274017
578,12.836036891115306
579,10.88313126769727
580,10.051311874610624
581,10.721293123940438
582,10.836373103825846
583,9.550114856750609
584,9.789050944761325
585,10.174573066991744
586,11.203480934565107
587,10.476173554834503
588,10.43514263980429
589,10.340078226057392
590,10.540745243747308
591,10.525667261897647
592,10.559660803950672
593,10.621514665013297
594,10.625274807705445
595,10.670421734173075
596,10.655322116825554
597,10.647120736597138
598,10.66531765220763
599,10.650296863617866
600,4.917165138812358
601,9.286455856935692
602,5.863293765387133
603,5.4145895658361365
604,11.782492062726966
605,7.543185989798453
606,10.98099177739488
607,11.299607934143403
608,8.754390563887588
609,11.968765934203525
610,8.142880141783076
611,10.054709182580687
612,9.824229140145071
613,9.100091991265662
614,10.72654039750742
615,9.866635722453927
616,11.192394925649246
617,11.015589266658786
618,10.589104309271974
619,10.44064102984509
620,10.584383118978188
621,10.62237447178132
622,10.744701030513571
623,10.597897616927455
624,10.60959272055756
625,10.572121641890034
626,10.604764117618233
627,10.645974757721893
628,10.648400010998992
629,10.657514122006745
630,10.378708672059226
631,15.186647497858084
632,11.70512855125493
633,6.2031514189203065
634,15.260294903203924
635,15.388806829167125
636,6.709382576759247
637,7.218192679467539
638,12.818915305800573
639,13.958505757109908
640,9.060125694130308
641,11.628956531071603
642,10.943989366589049
643,9.402037124198182
644,9.613749863296007
645,8.937782436492082
646,11.625300075950536
647,10.949963628204058
648,10.729875690654376
649,10.650844470439953
650,10.787503803269143
651,10.689535390651548
652,10.723737428919538
653,10.622648830377639
654,10.680559644963825
655,10.710397817685363
656,10.659129885213694
657,10.586245801381057
658,10.640650453194983
659,10.620683419267515
660,5.694856009537169
661,3.8868850740294825
662,8.639860287711693
663,6.344535565579006
664,4.9481533781650135
665,6.087780250523052
666,10.234308649787483
667,7.289527436550902
668,8.865687898917685
669,8.652430010840154
670,9.265347056201982
671,9.345455802699021
672,10.096456677125419
673,10.847869837685076
674,9.315467717463733
675,9.406214639184947
676,10.421646711355072
677,10.44286358639754
678,10.948145929432728
679,10.790022053463911
680,10.71837210463437
681,10.547330803221236
682,10.508428157649021
683,10.493845817520175
684,10.586172313087491
685,10.637489367361352
686,10.594224843592308
687,10.607426655928837
688,10.671592039031337
689,10.625597818454583
690,10.07097146958519
691,12.938967051086838
692,7.529804056902443
693,16.715961819464766
694,8.068210061441972
695,14.96239488100224
696,5.872475034517391
697,10.941137888898815
698,13.640108286566932
699,10.001015436115754
700,10.96760644068009
701,9.5677397599712
702,9.021811594930309
703,12.132531285768486
704,10.36397330809972
705,11.876133980381358
706,11.00182999674259
707,11.220219351423673
708,10.346198475955926
709,10.374519987211432
710,10.553173887012168
711,10.541655338417526
712,10.79523482608478
713,10.768688799937644
714,10.769804526238126
715,10.720915389334776
716,10.642263724939152
717,10.6370835395801
718,10.64131106494896
719,10.658510414622492
720,11.783856696184188
721,8.470918118233728
722,8.423800638043343
723,5.2464357847053
724,7.8782486425929905
725,8.234614032236474
726,12.479028638957187
727,9.115609900408135
728,11.449543241818674
729,11.588590145122694
730,10.341720912231805
731,10.301562941361425
732,9.677019324826098
733,9.87721888868096
734,10.224007793806525
735,10.277142684940102
736,9.664499395821334
737,10.708935944329243
738,10.476756925955707
739,10.597492787499494
740,10.408176270588376
741,10.528343179986186
742,10.565597951819043
743,10.632582284376898
744,10.704414173440739
745,10.590959295613594
746,10.60180914552998
747,10.643489351846894
748,10.604351982400559
749,10.64164015616468
750,17.914275226921013
751,17.918464420773837
752,6.96805568331088
753,13.421873146687126
754,17.25921077215738
755,15.470959662069225
756,10.542777920569
757,11.348287847600814
758,16.8877922110664
759,12.237927496540408
760,13.268132191603808
761,9.882772567803217
762,10.04704157374216
763,10.576694005422889
764,10.495718575825444
765,12.695030754046055
766,9.816461920944004
767,10.670851744970333
768,10.600456194915376
769,10.908779103545998
770,10.913427448053337
771,10.708498875436364
772,10.83120237765564
773,10.790914304065417
774,10.817653930470403
775,10.7198794645301
776,10.613663878636089
777,10.737586717550634
778,10.659012417702977
779,10.650388185638837
780,8.960764112969523
781,7.352189300970185
782,12.475220919602684
783,10.317456696544248
784,10.747653597483957
785,13.042646280435196
786,10.152454710062413
787,11.94596058767787
788,8.22898624892056
789,11.080267189953615
790,8.825969060325507
791,8.68479351337607
792,8.877800026891153
793,10.550954638686571
794,10.984967749854142
795,10.564735807709592
796,11.230899896543619
797,10.615827870381242
798,10.391282539263917
799,10.71120202754582
800,10.442984904748487
801,10.507226377878906
802,10.612452508468339
803,10.686945279869455
804,10.676214412735499
805,10.708007215088486
806,10.661063772014293
807,10.650175907562264
808,10.665527816281426
809,10.611958510286566
810,7.356941064022294
811,6.221270470122493
812,12.033402566739419
813,4.547816742619739
814,3.9446065617114408
815,7.893885655518157
816,4.874342050682165
817,10.580744067467032
818,7.203603873040042
819,10.261851175141533
820,9.812854362083296
821,9.9640520107769
822,9.66747531380886
823,9.003344284306827
824,10.253918400222112
825,11.038203236083673
826,10.255287270501766
827,10.194500418005704
828,10.49989032246814
829,10.960364899846276
830,10.793743748261987
831,10.74297830299965
832,10.617556480313505
833,10.729946123490341
834,10.684005512160486
835,10.625862584077268
836,10.632632837544037
837,10.613159883722574
838,10.603904762154432
839,10.624553031754644
840,12.064456808370633
841,17.190991736604786
842,8.014670018431495
843,4.72592747925032
844,15.253633632987167
845,4.223915314227351
846,9.973810620773637
847,13.338464768297795
848,10.993595342770487
849,9.65001470082328
850,10.61633847390744
851,11.112400218209615
852,11.515739428641051
853,11.331764184121466
854,11.682355178775925
855,10.031589230941693
856,11.267740517546013
857,11.174352538593961
858,10.618059709788865
859,10.63955034121486
860,10.58703895509029
861,10.721407484416488
862,10.524063758839635
863,10.728613082470648
864,10.759274749429931
865,10.646109087856
866,10.62427821225572
867,10.625335646090058
868,10.629862324877871
869,10.620244836865853
870,19.45881671834711
871,5.62746227468096
872,4.564782393776273
873,9.100261081831277
874,17.382514082465327
875,18.627715039748757
876,8.97088203775094
877,18.674805608419298
878,9.712529891817224
879,10.72633041491838
880,8.3468207598591
881,10.534824303801354
882,13.049438201937019
883,8.542430710127158
884,13.707690769833969
885,9.511485250076966
886,10.485965896717945
887,11.431098100816765
888,12.250074968931246
889,11.564570708225006
890,11.2123277150748
891,11.075672901404577
892,10.835643346153873
893,10.759436883024144
894,10.631365299859416
895,10.740390875580918
896,10.642100165148122
897,10.705290203218082
898,10.75377461010272
899,10.630268631304515
900,3.902765543673483
901,10.190631170251322
902,4.788627323896311
903,5.958770781693852
904,8.06533455352962
905,6.341558960854475
906,14.473637024257961
907,4.082006406170532
908,7.5677295686336
909,12.762402015663382
910,8.88455564353572
911,9.540053490968953
912,8.803646928055823
913,9.281728060857425
914,11.470780970116358
915,9.882945751717205
916,9.658280503736322
917,10.837507087788605
918,11.011070204718044
919,10.62227252199334
920,10.828768934458996
921,10.629298173305312
922,10.493399945753108
923,10.552223144303925
924,10.567363410396627
925,10.701138780905415
926,10.588323203917463
927,10.613872061656346
928,10.602118758317427
929,10.627126187338925
930,9.991824801421329
931,4.2998139973255345
932,11.389744584268811
933,7.388211703572112
934,10.74096564109913
935,9.901217079769701
936,10.062490319994616
937,11.32886192546438
938,8.913623887106695
939,9.602807915555836
940,8.265315593537212
941,9.27581274181114
942,8.90809185723862
943,10.136797269705953
944,10.180346155993208
945,10.152043753158736
946,10.952294697403545
947,10.310279306074937
948,10.902910274237794
949,10.441421337758385
950,10.610879815628698
951,10.701203226551945
952,10.63285133141245
953,10.702062765737638
954,10.641873205286165
955,10.57617679322733
956,10.627569344339616
957,10.622614688293034
958,10.629554493121084
959,10.61608489520857
960,9.752889401744177
961,15.756502794058587
962,4.306127218445612
963,23.51616912929854
964,24.888439382478204
965,18.690002916391723
966,25.134121425143604
967,11.531011941776796
968,23.004365580254003
969,6.988828299361676
970,15.798494447773184
971,9.08289264579324
972,11.109332506781177
973,12.638786588335332
974,10.901039403555677
975,10.081680946936054
976,8.885259640582204
977,10.562936161826887
978,9.760214046718241
979,11.023238798087306
980,10.902406174984122
981,10.811658002389464
982,10.424489376194266
983,10.719630770098028
984,10.61074533214838
985,10.677778254615252
986,10.681654632216002
987,10.554134344370343
988,10.66657673515248
989,10.598406108286099
990,3.421200659077418
991,9.913100031077251
992,10.331910465385784
993,4.707321348580953
994,14.467621853597496
995,11.040573805532375
996,13.456454536132423
997,9.35566773581388
998,9.635706879092762
999,8.82290448332493
1000,10.718747585047721
1001,10.231873675558921
1002,8.732841732408994
1003,10.249092781548041
1004,12.129958620678671
1005,9.888110549485152
1006,9.635638499658352
1007,10.464625881592687
1008,10.633308446879388
1009,10.491261839688132
1010,10.561205763916911
1011,10.653459437736075
1012,10.736601822553634
1013,10.5684371179227
1014,10.620816425508472
1015,10.629083173372075
1016,10.601986671677624
1017,10.611472308011852
1018,10.63445679144411
1019,10.62625724054767
1020,13.083003827270751
1021,7.590993279504121
1022,9.526804932491544
1023,10.337733119135006
1024,6.334266735035189
1025,9.492726800375063
1026,7.573513622208368
1027,10.665960365755273
1028,5.812853339959653
1029,9.171500970712865
1030,10.853535872865653
1031,10.760077588389313
1032,11.310501346000837
1033,9.090727157887855
1034,10.65423581880824
1035,9.112003023825906
1036,9.953206120940294
1037,10.62900009013778
1038,10.607186797057345
1039,10.826950506444941
1040,10.603535307000017
1041,10.410729272612226
1042,10.528021237376265
1043,10.67278472083947
1044,10.648673775417736
1045,10.665814546387383
1046,10.63659744194537
1047,10.642757128840591
1048,10.635766080747834
1049,10.647347792216303
1050,4.542585220890558
1051,4.809609334786539
1052,4.533710221665733
1053,5.5235127164860645
1054,7.9605356893725245
1055,6.184914849761905
1056,8.32262398043402
1057,8.402367818083707
1058,11.442198727000044
1059,8.705516414964753
1060,9.94718765064413
1061,11.241952019426465
1062,9.343592708144174
1063,10.38570276587315
1064,9.129422241264376
1065,10.061641089443123
1066,9.671130545531092
1067,9.285535839431862
1068,10.130389890732815
1069,10.509814343314801
1070,10.364717731851165
1071,10.530174216017118
1072,10.475323728435722
1073,10.578742861367184
1074,10.611776593536968
1075,10.501423312655536
1076,10.612656469125433
1077,10.54843647576363
1078,10.60087179979235
1079,10.616041901489544
1080,4.309022568954303
1081,16.929553260999064
1082,13.307148165061012
1083,8.203833700770858
1084,7.107954035108302
1085,4.633300170970481
1086,9.303434944090933
1087,7.654348753175706
1088,11.97894138573428
1089,10.117805490310843
1090,11.428288163250961
1091,8.260532417148738
1092,8.57560342874205
1093,8.699246131376913
1094,10.084851679758835
1095,9.04142532706533
1096,10.693566438359738
1097,10.324685700313728
1098,10.852778436611885
1099,10.780614317509178
1100,10.620723172437001
1101,10.380138837928708
1102,10.485297672165544
1103,10.525107679425213
1104,10.73392996672082
1105,10.651329042603617
1106,10.548575220822382
1107,10.638979618769179
1108,10.650727328774943
1109,10.599873126524727
1110,3.4126186752179724
1111,3.9886437513339312
1112,4.650405717814698
1113,6.61221089994333
1114,4.93087452995938
1115,5.3797607239295075
1116,7.459209804421027
1117,8.095997896375817
1118,6.113946174229446
1119,8.696072646242284
1120,8.785861314326903
1121,10.02687693350916
1122,8.671250737667672
1123,10.73178937681659
1124,9.805957607057657
1125,9.854876029669386
1126,9.973532717048327
1127,9.694585989105605
1128,10.164612725625975
1129,10.757170009944735
1130,10.359422497257633
1131,10.580063886568421
1132,10.625183531365309
1133,10.508916146046934
1134,10.589352188453372
1135,10.551830728891318
1136,10.63314502297669
1137,10.62141596630964
1138,10.64084438883916
1139,10.592158543008509
1140,10.19920556841054
1141,6.1799013617029095
1142,13.157427715806747
1143,6.830138981107854
1144,7.648090810452597
1145,13.162862267944359
1146,11.183245931420519
1147,8.44478889042418
1148,10.158936187157414
1149,11.267667916801969
1150,9.137502373405983
1151,9.428133810302262
1152,9.285003480671724
1153,8.700008395145362
1154,10.979993443892203
1155,11.0673066123169
1156,10.312633846288797
1157,10.389526450733573
1158,11.313304508263743
1159,10.72488646085189
1160,10.550184569579613
1161,10.681837500259233
1162,10.4988506673842
1163,10.76588610674074
1164,10.703048130726177
1165,10.72716966182065
1166,10.583554351110035
1167,10.67643634893442
1168,10.69023925948815
1169,10.64971417795854
1170,9.859139147234943
1171,4.470956841381888
1172,7.997309270857354
1173,15.096012630962605
1174,4.0190407198527645
1175,5.215434302713149
1176,8.96232915316693
1177,8.144557855353483
1178,13.224493994782847
1179,9.654968025714382
1180,8.739022785928736
1181,8.720849993613667
1182,11.520260185752921
1183,9.596844213282896
1184,10.105805828899035
1185,11.714363465324084
1186,10.765542192169573
1187,10.65611032711998
1188,10.569182239117682
1189,10.864363466361423
1190,11.094008473965754
1191,10.627042029891468
1192,10.557495953224795
1193,10.808504593192728
1194,10.643742095447246
1195,10.648151018491381
1196,10.629942353103788
1197,10.629318819045858
1198,10.650172471377074
1199,10.593406356772215
1200,8.784192915153657
1201,6.144675900387343
1202,9.044116091995324
1203,8.774199801636849
1204,12.131649374721903
1205,9.126160270536747
1206,13.01994650072179
1207,8.46941268395464
1208,9.93163544341637
1209,9.24538562832972
1210,10.45366696245538
1211,10.95558111122736
1212,11.305473348658825
1213,10.339390355710176
1214,9.941563985163148
1215,10.78534899907519
1216,10.742522328284604
1217,10.662111696045052
1218,10.982199331704203
1219,10.517619315899424
1220,10.48045222505125
1221,10.67503445510731
1222,10.638339347269236
1223,10.609975999735692
1224,10.58697408131814
1225,10.645092657637697
1226,10.6558007216805
1227,10.64192793051529
1228,10.613339776051031
1229,10.624553692500058
1230,10.654333169192798
1231,12.53282302893533
1232,11.982570341787689
1233,13.453385252962574
1234,10.063322795174999
1235,10.12991449633575
1236,11.604146881995177
1237,7.93969632331685
1238,12.758735090682869
1239,11.008215930287621
1240,10.04826815250531
1241,10.52069912247806
1242,9.855324390996923
1243,8.845658366562258
1244,11.347609407740194
1245,8.864964207445603
1246,11.050531142307909
1247,10.754656612468839
1248,10.983595809296698
1249,10.611224364328848
1250,10.697266599614512
1251,10.686769564211838
1252,10.729105956527146
1253,10.712160752621394
1254,10.524073687966185
1255,10.593612307057873
1256,10.578604626584605
1257,10.657200730371539
1258,10.638685036620718
1259,10.624381550584221
1260,10.228751565166592
1261,6.627557684237578
1262,6.579572162930671
1263,4.711592410890013
1264,13.86919803558775
1265,12.637565963477325
1266,7.619480600570675
1267,12.980947223836354
1268,12.60676261194881
1269,11.927602622683924
1270,9.795384992039319
1271,10.313631866148349
1272,11.465170659228484
1273,10.996802530710102
1274,9.702075865801731
1275,11.448377849876334
1276,10.942705004633059
1277,11.366366375104855
1278,10.831157604872091
1279,10.913351562873283
1280,10.59034509755534
1281,10.673640728367534
1282,10.631947236043777
1283,10.611636852752536
1284,10.660318634953134
1285,10.615975253556396
1286,10.641046376791495
1287,10.658068495578911
1288,10.63861526670002
1289,10.6536342935555
1290,10.311006529746265
1291,6.501219918369732
1292,9.039600070928694
1293,8.332806920235951
1294,11.375121157606415
1295,10.238049151128601
1296,6.299375204241777
1297,11.186222691026659
1298,12.749661662398335
1299,8.858492917484202
1300,10.497106096576232
1301,10.916501446441925
1302,10.05845699959127
1303,9.489871134811768
1304,10.875871158010433
1305,11.298209449727745
1306,10.219967251480925
1307,10.910524858336256
1308,10.709526154992993
1309,10.526100723624534
1310,10.646295911735555
1311,10.428822534873806
1312,10.547557654617048
1313,10.69318620411355
1314,10.484802298372482
1315,10.565114687966236
1316,10.592748646546672
1317,10.60943620189128
1318,10.624166465173435
1319,10.64958295129155
1320,6.379139252610292
1321,3.1431047883669567
1322,7.268281628939395
1323,4.454865852915342
1324,5.658447277747727
1325,9.140447206966808
1326,6.232334298386509
1327,5.174976330688479
1328,6.696044077302098
1329,11.357203483650284
1330,9.072416712619336
1331,11.134672632571458
1332,8.483485800207024
1333,9.543655298145715
1334,10.374559110163212
1335,10.65107434756355
1336,10.630601252738185
1337,10.84785355260498
1338,10.843713795441442
1339,10.38174558005037
1340,10.402979254221021
1341,10.423190142417937
1342,10.743916740016495
1343,10.622575658552373
1344,10.627688303077552
1345,10.680344879860119
1346,10.576767558628081
1347,10.61104374124396
1348,10.585162487456794
1349,10.627040783661787
1350,9.613102276424604
1351,7.877900810690806
1352,10.95409606662606
1353,5.025069150230008
1354,7.601331463696799
1355,9.480350339798996
1356,5.126627327842161
1357,5.900051218492159
1358,10.66453976048141
1359,8.629475792972277
1360,7.781461145974319
1361,8.453544917654972
1362,9.280067949960824
1363,8.934473426962917
1364,9.619367859888794
1365,10.254142272402186
1366,10.084093769372611
1367,10.056922272012201
1368,9.625767919707762
1369,10.508511491316145
1370,10.714220530494863
1371,10.532181988924172
1372,10.539261739908914
1373,10.422473401541819
1374,10.404627778570148
1375,10.573229481300826
1376,10.556957946343779
1377,10.606435857176276
1378,10.598812393886684
1379,10.615798514756428
1380,5.7289696301488044
1381,9.149138283276509
1382,8.144681311405876
1383,10.875850065433012
1384,9.09089706897654
1385,4.965125819837435
1386,8.980529220084941
1387,7.468018459728444
1388,7.1198399171148505
1389,9.684357150517325
1390,8.927603885258215
1391,9.3746302596076
1392,9.341360494746468
1393,10.411690062920991
1394,9.875741749738516
1395,10.2942794393662
1396,10.117754447134988
1397,10.40523224491799
1398,10.775240480127886
1399,10.780223022523352
1400,10.516288684051322
1401,10.603540351090572
1402,10.73042095570287
1403,10.57952260772582
1404,10.623817894121991
1405,10.581510261776113
1406,10.59809208275711
1407,10.612842033127539
1408,10.613207667677806
1409,10.615615642719161
1410,11.334450782595043
1411,15.446024893007655
1412,6.238114421548919
1413,10.899205075423998
1414,16.696929792301987
1415,9.118609733393768
1416,11.98295318517623
1417,15.604175542384604
1418,12.167510215145114
1419,8.7779991195782
1420,11.256876244873837
1421,11.691254804719748
1422,9.671792733366175
1423,11.613757987460518
1424,9.371292432037443
1425,9.766183656358042
1426,9.526704348554384
1427,10.420238885538467
1428,10.659119912591652
1429,10.706595835089326
1430,10.531946225939485
1431,10.72184062878628
1432,10.654620136000345
1433,10.593297353982754
1434,10.80624288385567
1435,10.65194307809311
1436,10.727587540198515
1437,10.641499497302839
1438,10.673900831369625
1439,10.625117983914457
1440,3.140182787991961
1441,3.064608539071629
1442,3.5474177150096424
1443,24.540938239961214
1444,3.310678952185409
1445,8.787771165913986
1446,22.84096067198267
1447,9.152847422297635
1448,4.466269760705522
1449,5.946457179688608
1450,9.11152116928599
1451,7.946094234483986
1452,10.130846697218722
1453,8.92743972040974
1454,9.626801779193755
1455,8.634435553210583
1456,9.022640942169545
1457,9.819944807064818
1458,10.34397438021923
1459,10.833037112481222
1460,10.755290529380392
1461,10.561846745818567
1462,10.871144251407426
1463,10.949914265579384
1464,10.96638478299676
1465,10.496527175231789
1466,10.535969164383628
1467,10.566787116949993
1468,10.586555719151303
1469,10.672625975388572
1470,13.622851504114102
1471,16.08314116481053
1472,14.040283161165698
1473,14.234434373665328
1474,10.562416542451805
1475,12.922709758936705
1476,14.338270738503478
1477,13.359988597049872
1478,10.320727793534095
1479,10.085945981521085
1480,9.39419990298094
1481,10.587177281836116
1482,10.568061857501275
1483,11.592149708647154
1484,9.928288605979526
1485,10.580500341537078
1486,11.247241311719693
1487,11.5672420878117
1488,11.034946184722164
1489,10.829438605678419
1490,10.727824471051925
1491,10.775913837629172
1492,10.575403401636068
1493,10.665379738919013
1494,10.623631039915034
1495,10.658239592162845
1496,10.595389414557271
1497,10.700342463524327
1498,10.658567163579228
1499,10.65476755636271
1500,4.772786476836012
1501,4.591092998893325
1502,9.596502689965597
1503,10.531660656060701
1504,7.08419022367631
1505,4.914951704225688
1506,5.154702823773839
1507,4.271525999447557
1508,5.894770007300739
1509,7.748918893937501
1510,8.311460810338133
1511,8.608516065960314
1512,9.11648351325151
1513,8.780729932010175
1514,9.777066522963661
1515,9.31117281452537
1516,9.38337473315202
1517,9.50796341279667
1518,10.097095570317382
1519,10.246062381866983
1520,10.357647253168372
1521,10.402179089406726
1522,10.668684495070544
1523,10.652920307696935
1524,10.461213245392777
1525,10.693980842724065
1526,10.64538649273015
1527,10.61709094451246
1528,10.583932642447675
1529,10.613377807940202
1530,9.312289060401694
1531,3.791547083259267
1532,9.406287453468142
1533,3.5000254005223175
1534,6.493003079910775
1535,5.976739790623434
1536,5.658906444364526
1537,6.424609521206442
1538,8.286421261562309
1539,10.4836772559994
1540,8.244879866159037
1541,8.624735714370674
1542,8.928605598980702
1543,9.617259198477596
1544,10.585131631302573
1545,9.097028557810495
1546,9.71303160364025
1547,9.979379954449419
1548,10.628434175976505
1549,10.695211075351757
1550,10.422234444668847
1551,10.584835906201638
1552,10.572387731181646
1553,10.58575202782862
1554,10.545693040028512
1555,10.634679592269517
1556,10.587867447802406
1557,10.59005710616243
1558,10.59070305634666
1559,10.61936461367456
1560,8.650874081772933
1561,4.718885433080814
1562,12.594403155058174
1563,5.197013883632613
1564,8.89970867145924
1565,4.479152264817761
1566,6.0064755101819
1567,9.784962039579758
1568,7.007300952779756
1569,7.584018608961097
1570,8.269954989846864
1571,9.84631221957525
1572,9.160927720396087
1573,8.908902759013703
1574,9.417795766485582
1575,10.850068260257798
1576,9.630549286944392
1577,9.747392435276451
1578,10.133478181228064
1579,10.418137095099251
1580,10.484800736733758
1581,10.368549732617101
1582,10.446532190613738
1583,10.628743883096927
1584,10.494134297182068
1585,10.610048345001378
1586,10.629840023749425
1587,10.594285478151011
1588,10.586068873315664
1589,10.588844536350347
1590,15.002826333472285
1591,5.299122184940952
1592,8.070992075581074
1593,5.570301690748321
1594,14.424104631072368
1595,3.806967770086845
1596,6.299156443683334
1597,5.613593317265423
1598,8.74986429069665
1599,9.149455731057976
1600,9.409437311218763
1601,9.849027104982548
1602,9.696138712731921
1603,10.12191264461476
1604,10.899409249298284
1605,9.361827384214408
1606,10.364275239545023
1607,9.995382984107781
1608,10.718470671817128
1609,10.745184777748358
1610,10.795844611758437
1611,10.654568875295011
1612,10.615503167286558
1613,10.531828845713385
1614,10.639107902235292
1615,10.586792990808487
1616,10.588722893438213
1617,10.600761883609739
1618,10.615515494287024
1619,10.623623696054066
1620,15.311679530162401
1621,12.217819968362882
1622,4.768114252563541
1623,6.9767084267668835
1624,17.356232925488378
1625,5.844834791003014
1626,10.366713563994178
1627,11.848608314995646
1628,10.189786272867172
1629,12.918760650318362
1630,9.468113441278467
1631,10.400224455144336
1632,11.262185878541542
1633,8.09426118936877
1634,11.150041235003338
1635,11.198498734407092
1636,11.587036077196515
1637,9.68139058087295
1638,10.80648546404482
1639,10.835022311712285
1640,10.340644916385141
1641,10.862241020760045
1642,10.554439465530448
1643,10.55250479814364
1644,10.685190182843595
1645,10.714120682361367
1646,10.69650039500454
1647,10.682768478885505
1648,10.70312607088003
1649,10.67353745159579
1650,7.044653622087464
1651,12.94924431925229
1652,8.189598334233951
1653,6.746049141930932
1654,8.458758473719499
1655,6.254787559848316
1656,7.775339994985982
1657,7.645455258316485
1658,8.459691797185773
1659,9.827184573472246
1660,10.113560788663612
1661,9.553871487970284
1662,11.155784771713922
1663,11.089792848242297
1664,9.554326370489536
1665,11.086493871819888
1666,10.552397362485186
1667,10.451179500246399
1668,10.45860374158884
1669,10.393969972978642
1670,10.559264327387174
1671,10.439463703101008
1672,10.595511865425397
1673,10.44278029712593
1674,10.625755967328312
1675,10.584004184141357
1676,10.68399484094412
1677,10.692053007897828
1678,10.650761565876811
1679,10.651961112958748
1680,11.803656930897379
1681,9.45193498751246
1682,11.85470428824623
1683,6.759630720725363
1684,6.8324830474146525
1685,8.346300866812458
1686,7.651687396957714
1687,5.498198963643376
1688,6.770240716811552
1689,8.545909813724279
1690,11.21145829062293
1691,10.391787033983187
1692,9.96917306943989
1693,11.479205437573107
1694,9.27518201637826
1695,10.131715068555415
1696,10.510516867169212
1697,10.525044739155296
1698,10.451154347475706
1699,10.625563152799444
1700,10.463324581722311
1701,10.449640818534919
1702,10.662929258951348
1703,10.567897117794397
1704,10.60399417872359
1705,10.628166423759449
1706,10.658972861911066
1707,10.664343984061878
1708,10.594427136198462
1709,10.634057295807015
1710,9.268362628410623
1711,5.945330612438027
1712,5.357919605814331
1713,4.90680855876573
1714,5.858891069674145
1715,5.594345739694228
1716,6.074307821938357
1717,6.854938173958803
1718,7.13331714237615
1719,9.993015865714163
1720,8.20490681917719
1721,9.603485851057677
1722,9.116406599114333
1723,10.65785721136238
1724,9.68996169999835
1725,10.422851271298688
1726,10.543556408016387
1727,10.69221467325568
1728,10.782941271907207
1729,11.182922667520433
1730,10.704817130222592
1731,10.593878178210264
1732,10.64365380983824
1733,10.515810490776026
1734,10.512036486762334
1735,10.617537081984075
1736,10.68295127295047
1737,10.627116038815753
1738,10.66946201524404
1739,10.613577451809658
1740,7.301839064431902
1741,4.197386118629103
1742,7.262079064103309
1743,4.079575149987404
1744,12.487387170422965
1745,8.563731660910012
1746,8.36684523526212
1747,7.104047181728568
1748,5.218073281758162
1749,7.8156371159014855
1750,10.471422433684785
1751,8.979469541357808
1752,9.063642015625064
1753,9.742668652111599
1754,10.975314179797312
1755,10.932312978370463
1756,11.247625398835467
1757,10.57432609546697
1758,10.316530024636066
1759,11.033780856753062
1760,10.762381033299357
1761,10.552684094093754
1762,10.638053769069527
1763,10.633584514257791
1764,10.603727175891093
1765,10.564999227243142
1766,10.587870156959738
1767,10.660509264878405
1768,10.647593120592099
1769,10.64325894476566
1770,8.408088719047973
1771,7.366881450592264
1772,7.378777280668154
1773,5.22565229245083
1774,4.974419052697168
1775,7.772850095461762
1776,5.425210694022513
1777,6.146858848887177
1778,8.785618020522133
1779,10.224199859347152
1780,9.156660948056388
1781,9.136270835965638
1782,10.230776741297946
1783,9.133822849555276
1784,9.094358808649188
1785,9.60615605144219
1786,10.223229032877576
1787,9.745080171877039
1788,10.261469812652628
1789,10.510710772376685
1790,10.4657771486408
1791,10.61892637876716
1792,10.501691361609906
1793,10.579242078537318
1794,10.550152389986401
1795,10.64163305548143
1796,10.567525914712942
1797,10.668000607198323
1798,10.648502000163568
1799,10.619798265882032
1800,6.877638619648879
1801,8.150002880338654
1802,4.311744688955221
1803,2.6916498932444775
1804,8.616134324514201
1805,7.788535979579035
1806,5.298049054438082
1807,10.336416324350045
1808,5.119311518413337
1809,10.82216212936613
1810,8.535642261624343
1811,9.625919102168266
1812,9.654895131822826
1813,8.340231426053322
1814,10.609327994945033
1815,9.484935450334167
1816,9.55197099940673
1817,9.214038677980067
1818,10.028089867336561
1819,10.427357765958646
1820,10.50407410588483
1821,10.52727550694383
1822,10.37143202920397
1823,10.627958856391757
1824,10.603277319704342
1825,10.582364657591928
1826,10.627424391265153
1827,10.59594292037187
1828,10.609125044048575
1829,10.581212464815565
1830,5.608900433958631
1831,6.62684368056442
1832,7.049654148376847
1833,3.2275389867955315
1834,6.816937560540682
1835,5.006982769503235
1836,8.884514113495307
1837,10.04416937079081
1838,8.070356366365262
1839,10.244846832028653
1840,8.150792826584986
1841,9.423749601241894
1842,11.15479521870433
1843,8.869444924826588
1844,10.433793820977794
1845,10.39992707049802
1846,10.070941221278053
1847,9.84019438590512
1848,10.228688277449262
1849,10.386719310340553
1850,10.424748651755774
1851,10.389028396226648
1852,10.48347887890643
1853,10.611080582150851
1854,10.45135515967783
1855,10.561754057652623
1856,10.588546229255256
1857,10.586581905115127
1858,10.597345940293154
1859,10.594874808751204
1860,12.797946754187926
1861,8.033878753412948
1862,10.242270697198087
1863,10.856923076834383
1864,8.166030057303058
1865,5.259667437577681
1866,12.911277575230894
1867,10.658752068062096
1868,9.181024990783596
1869,8.040372724275187
1870,10.909706840115984
1871,9.179218022103834
1872,8.21900280870283
1873,10.1895510908059
1874,9.615085562383708
1875,9.60713650916348
1876,9.967967358505655
1877,9.888216028250474
1878,10.287342023568662
1879,10.378471951531656
1880,10.459315889533032
1881,10.509543824315681
1882,10.512261723664544
1883,10.52022478636783
1884,10.582342269095937
1885,10.537612556945227
1886,10.575196328330659
1887,10.62494994942302
1888,10.596116569411482
1889,10.615527650108444
1890,6.158264379522315
1891,9.009272881262321
1892,5.14994989879556
1893,5.861963807181876
1894,6.036633557341769
1895,3.629615752065774
1896,5.282017956916837
1897,3.6433091977497822
1898,8.729707956683143
1899,9.7676278875543
1900,8.07923357190168
1901,9.329112170444052
1902,9.66971360937688
1903,10.055362598587687
1904,9.335669703294363
1905,9.582267274096564
1906,9.812420826888044
1907,10.461341795227213
1908,10.85141035832101
1909,10.451711950446812
1910,10.617959102068818
1911,10.432627900417366
1912,10.517185789043738
1913,10.53768128919423
1914,10.533533797359485
1915,10.618612850121645
1916,10.576379148105136
1917,10.63593052466203
1918,10.603549017451778
1919,10.610076335376766
1920,5.322212394798099
1921,7.192183425833251
1922,5.094735909704819
1923,6.78626777514651
1924,6.755936361290117
1925,6.137552853529685
1926,5.381744701049941
1927,5.508100443259586
1928,7.624430064225774
1929,8.779030803855399
1930,8.182993253696246
1931,8.900698202215077
1932,9.041489144030532
1933,8.798279105040915
1934,10.921881914670987
1935,9.60847074554686
1936,9.535428231085165
1937,9.79599107738455
1938,10.301960120166257
1939,10.409762839497029
1940,10.541748493687729
1941,10.54007646701977
1942,10.477795600844606
1943,10.496229241522071
1944,10.494277302624413
1945,10.575418123847465
1946,10.568988600795414
1947,10.580662962974454
1948,10.586819551740774
1949,10.612349156559565
1950,4.832706461203602
1951,5.620213562246504
1952,4.819347968854117
1953,5.256849170858995
1954,3.3562611766115458
1955,7.055445261274517
1956,4.25496955883639
1957,8.01847438835866
1958,4.858638332864338
1959,7.5825274928043696
1960,8.756311692599326
1961,8.616144685501004
1962,9.101889175749632
1963,9.003674144473845
1964,9.333258810772879
1965,9.272550731752904
1966,9.733563166699392
1967,9.865634564964457
1968,10.274643037567118
1969,10.350093692160918
1970,10.323253164304957
1971,10.545630965977292
1972,10.591403558405382
1973,10.495439864490114
1974,10.479668149605148
1975,10.639566917382636
1976,10.569606305274862
1977,10.580382754894398
1978,10.615540275876654
1979,10.598751616700955
1980,9.950985368000348
1981,4.6467988190287866
1982,3.8125355558791703
1983,6.497353874585327
1984,6.609952070510089
1985,5.049500970732009
1986,7.906131079848318
1987,5.457455495857859
1988,8.888142909693164
1989,6.771556409702451
1990,7.927833912842363
1991,8.854083977872545
1992,10.68209067208016
1993,9.525545158877023
1994,10.53307341138774
1995,9.394519224707288
1996,10.368715240493069
1997,10.475782294490712
1998,10.469051671844754
1999,10.496036837184054
2000,10.371062889504389
2001,10.501580006750519
2002,10.359031411348097
2003,10.447840638120727
2004,10.499098795887294
2005,10.531802856036503
2006,10.606086728479916
2007,10.622723054940217
2008,10.648315011578923
2009,10.584309117394557
2010,7.430460261905927
2011,5.72490382841048
2012,5.479242780691027
2013,11.400460590617948
2014,6.128188258385774
2015,6.848901027965937
2016,10.811914454493662
2017,5.59509125301222
2018,10.20727023676221
2019,10.39363145539851
2020,8.983463165709002
2021,10.476439584097252
2022,9.200206054641587
2023,9.494525282925157
2024,9.934296302135337
2025,9.000940912951972
2026,9.963416545176468
2027,10.369181451782808
2028,10.492222869037652
2029,10.562813162016628
2030,10.34570132728986
2031,10.445085177543078
2032,10.495284877837326
2033,10.46505252490167
2034,10.436262657659043
2035,10.597188784659918
2036,10.663574518562232
2037,10.70457959492553
2038,10.619876682609272
2039,10.646710378717025
2040,13.642685270513962
2041,12.905922613429585
2042,5.821788726860182
2043,7.2481655607474265
2044,11.95924174332903
2045,13.317955010324422
2046,13.726216151200505
2047,9.854593462622216
2048,13.15705323155238
2049,10.574884417488628
2050,9.807304102630283
2051,9.537096893908549
2052,11.207693754549217
2053,11.485307892619774
2054,11.715366171578982
2055,11.251235097846005
2056,11.045010388717
2057,11.04697060926323
2058,10.9160719684943
2059,11.012682471431898
2060,10.777014113752667
2061,10.571561129097628
2062,10.609628915822864
2063,10.68647952357332
2064,10.814856755464715
2065,10.719867829543114
2066,10.735313946342083
2067,10.715963208496069
2068,10.658794032185112
2069,10.652109601775674
2070,15.03053032101639
2071,14.46371337796809
2072,10.161471802037369
2073,11.265136475618949
2074,10.742354857768506
2075,14.632241731512197
2076,11.681812045765389
2077,14.318761678611944
2078,15.29832951771592
2079,8.381397259403222
2080,12.180244402005503
2081,12.189003105186055
2082,11.13310179294579
2083,9.84910187576678
2084,11.781671231059132
2085,11.061840109565267
2086,10.906091739769282
2087,10.020318908998952
2088,11.311355730670039
2089,11.015644032226767
2090,10.517344286744127
2091,10.514194402147172
2092,10.804872315598331
2093,10.627272300319095
2094,10.696696192193759
2095,10.833724762349446
2096,10.66669899176659
2097,10.638152996152806
2098,10.722461782605865
2099,10.661467628945942
2100,6.86319487149774
2101,5.956894751831345
2102,5.867670077176745
2103,9.32112023205039
2104,9.198130427189849
2105,5.671163286728348
2106,6.317657442409185
2107,3.880078102343142
2108,12.318944286964989
2109,12.628138435541072
2110,9.39158683116077
2111,8.02300153082395
2112,10.34205566097475
2113,11.475373328642785
2114,10.173769971563019
2115,8.528042500288416
2116,9.133390828945998
2117,11.1603629875284
2118,10.76701253072679
2119,11.307005344693852
2120,10.650891695547202
2121,10.624980349131292
2122,10.723163272579985
2123,10.429563515927374
2124,10.470272452150846
2125,10.616988017570389
2126,10.55780748706508
2127,10.617625909974846
2128,10.605945302229156
2129,10.704843837535538
2130,6.062072141014644
2131,5.661482912808686
2132,8.534663339365949
2133,15.45541933125057
2134,13.106900936346683
2135,11.799079517885808
2136,13.710483615866211
2137,6.761707309937596
2138,8.934893821298568
2139,9.627609797919755
2140,10.954744681781094
2141,9.682151282576536
2142,9.836410978950589
2143,10.874623434316781
2144,9.755126433067952
2145,9.555371854823832
2146,9.424848621337903
2147,9.988673954977987
2148,10.724906512557599
2149,10.391108162046281
2150,10.566632185894226
2151,10.464189496793185
2152,10.577839520663062
2153,10.692814464306627
2154,10.700131198296333
2155,10.556868827870485
2156,10.606448491025992
2157,10.624655135302492
2158,10.615881329973544
2159,10.634985021518629
2160,4.4093989708900185
2161,10.230800341868271
2162,14.134149509650625
2163,9.292294345650598
2164,7.470211813554196
2165,7.693618292095405
2166,10.230739195763116
2167,10.99004900715106
2168,8.746329679883445
2169,12.851173971804592
2170,10.334637048331626
2171,11.061981930411633
2172,11.976729817070355
2173,10.920158253959178
2174,10.4901924899523
2175,10.997873729111527
2176,9.879898053290109
2177,9.979162553209251
2178,10.279119009290856
2179,10.636139543286937
2180,10.534594491958963
2181,10.702515144379642
2182,10.662388524947605
2183,10.820594817959176
2184,10.613273725383866
2185,10.775557292087472
2186,10.592539573333962
2187,10.638280809180962
2188,10.662902964213155
2189,10.615392850261765
2190,11.888529459113993
2191,8.042491981151912
2192,12.464318072265007
2193,10.748091732689232
2194,13.274367791693809
2195,10.206345816447065
2196,5.659989393237806
2197,12.38059693418289
2198,11.109925023867659
2199,11.473852345811117
2200,11.069326262733924
2201,9.055836034388173
2202,10.934795374117085
2203,10.249645283002742
2204,10.148618735522193
2205,10.020664832423952
2206,11.005041427110937
2207,10.288901543739703
2208,10.801620556454807
2209,10.824906126655156
2210,10.7265807066849
2211,10.674569909111687
2212,10.71745966095408
2213,10.689345885919705
2214,10.569880799985365
2215,10.608024626232304
2216,10.608037912160214
2217,10.641763125722528
2218,10.637559416929879
2219,10.618005462329268
2220,12.572938254207807
2221,12.834607489612205
2222,3.243593421340317
2223,8.859867418690712
2224,13.562300011977948
2225,11.469100630267004
2226,10.928897945197859
2227,11.589952032618186
2228,10.835403143227978
2229,10.340312871956488
2230,10.044213584106334
2231,10.62280168284432
2232,10.01336649540868
2233,9.0508731542857
2234,11.163549732628358
2235,11.22967908002408
2236,10.548561183605173
2237,9.750240624720723
2238,11.02615243447061
2239,10.817414454231791
2240,10.507985618855162
2241,10.622112733844153
2242,10.623055602741172
2243,10.568273364134264
2244,10.689683980191777
2245,10.678320614815593
2246,10.669910781085504
2247,10.62946015921707
2248,10.65648210269461
2249,10.642569003108662
